1.
2	2	3268	
3	17	2836
4	68	2522
5	213	2343
6	690	2252
7	976	2170

2.
2	20	4885
3	46	2883
4	201	2541
5	556	2435
6	863	2272
7	1048	2204

3.
2	6	3366
3	23	2819
4	131	2542
5	456	2382
6	839	2271
7	1079	2211

4.
2	7	3260
3	53	2823
4	192	2594
5	529	2392
6	926	2305
7	1084	2198

5.
2	8	3479
3	18	2842
4	67	2517
5	214	2352
6	696	2272
7	1005	2157

6.
2	2	3363
3	6	2794
4	64	2549
5	211	2383
6	673	2243
7	967	2164

7.
2	4	3327
3	42	2854
4	133	2534
5	422	2400
6	756	2255
7	1006	2169

8.
2	15	3509
3	48	2839
4	128	2575
5	447	2372
6	838	2242
7	1053	2176

9.
2	6	3335
3	39	2817
4	130	2556
5	431	2365
6	769	2239
7	1037	2190

10.
2	6	3281
3	37	2785
4	209	2537
5	438	2364
6	765	2243
7	1005	2167